function w = Filters()
w{1} = [1 -2 1;1 -2 1;1 -2 1];
w{2} = [1 1 1;-2 -2 -2;1 1 1];
w{3} = [1 0 -1;0 0 0;-1 0 1];
w{4} = [1 -2 1;0 0 0;-1 2 -1]; 
w{5} = [1 0 -1;-2 0 2; 1 0 -1]; 
w{6} = [1 -2 1;-2 4 -2;1 -2 1];
w{7} = [0 0 0;1 -2 1;0 0 0]; 
w{8} = [0 1 0;0 -2 0;0 1 0]; 
w{9} = [0 0 1;0 -2 0;1 0 0];
w{10} = [1 0 0;0 -2 0;0 0 1]; 
w{11} = [0 1 0;1 -4 1;0 1 0];
w{12} = [1 1 1;1 -8 1;1 1 1];